intrinsic:
  fx: 1175.5070972141311
  fy: 1175.1526471374184
  cx: 955.1387193526901
  cy: 577.8788729983454
  s: 0

distortion:
  k1: -0.03473527479079245
  k2: 0.03506535064218346
  p1: 0.0005333476931776689
  p2: 0.0008304125485335871
  k3: -0.07672663316928703

extrinsic:
  left:
    x: 11.271384593898125
    y: 0.19193945762757064
    z: -32.50992619538446
    rotation: [-0.8108347224032866, 0.008266094196730373, -0.5852168184800534, -0.00681176220628654,
      -0.9999658178849998, -0.004686465323501071, -0.5852355532952778, 0.000186408996972057,
      0.8108633130256023]
  right:
    x: -12.281314008424097
    y: -0.03203754430297793
    z: -32.17911097192748
    rotation: [-0.809345592507419, 0.010372047814259157, 0.5872411195692562, -0.012360332746379583,
      -0.9999234123659273, 0.0006257610395516531, 0.5872026345847008, -0.006752038700908495,
      0.8094118086055871]

refraction:
  n21: 1.4303
  h0: 0.0
  theta: 0.0
  phi: 0.0
