intrinsic:
  fx: 1176.2701737873315
  fy: 1177.196086986346
  cx: 936.0104409220756
  cy: 556.2777223965365
  s: 0

distortion:
  k1: -0.044129530163447284
  k2: 0.04989621660948198
  p1: -0.0002307267536918095
  p2: 0.0004273739200072943
  k3: -0.08749460383207076

extrinsic:
  left:
    x: 10.26481431061617
    y: -0.10466273930213439
    z: -31.84413210834542
    rotation: [-0.8239386201982142, -0.003839757839005749, -0.5666660448673458, 0.002067359119786765,
      -0.9999907564250351, 0.0037700252991250335, -0.5666752828314756, 0.0019347672273434362,
      0.8239389422181982]
  right:
    x: -11.599936886132847
    y: 0.11418903608202575
    z: -31.26211453454853
    rotation: [-0.8064929763337, -0.004069095944185797, 0.5912296690649133, 0.0003459396581196158,
      -0.9999793933850674, -0.006410392420559801, 0.5912435703245852, -0.004965406673137777,
      0.8064777649051508]

refraction:
  n21: 1.3859
  h0: 0.0
  theta: 0.0
  phi: 0.0
