intrinsic:
  fx: 1179.9778723994364
  fy: 1180.0648024659142
  cx: 952.922797679988
  cy: 558.3405043596217
  s: 0

distortion:
  k1: -0.043074685014408795
  k2: 0.05568391531896326
  p1: -0.0007759794601321802
  p2: 0.0005575915676849151
  k3: -0.09458976243997058

extrinsic:
  left:
    x: 11.108191756406617
    y: -0.35570000594177165
    z: -32.61695863444761
    rotation: [-0.8153862402005846, 0.001759730903594443, -0.5789146592017701, -0.0020126537037016834,
      -0.9999979536122227, -0.00020493031974542646, -0.5789138351401042, 0.0009980573700493134,
      0.8153881133330696]
  right:
    x: -12.100758381140482
    y: -0.2314540945312823
    z: -32.14796673374288
    rotation: [-0.8113457668471206, -0.0003618362893068954, 0.5845664339437882, -0.0041542675816521775,
      -0.9999709874087934, -0.0063848572061206855, 0.5845517844298465, -0.007608772251964052,
      0.8113207244392935]

refraction:
  n21: 1.4303
  h0: 0.0
  theta: 0.0
  phi: 0.0
