intrinsic:
  fx: 1176.027707547997
  fy: 1175.2483421573543
  cx: 947.6232500208072
  cy: 553.4890191215909
  s: 0

distortion:
  k1: -0.045349035171318115
  k2: 0.06421614762054623
  p1: 0.0005591477927464173
  p2: 0.0002070537926758661
  k3: -0.10551956263160749

extrinsic:
  left:
    x: 10.432078529163226
    y: -0.19818381861066048
    z: -31.725168313293068
    rotation: [-0.8197186704914873, -0.008833510847176918, -0.5726982367126524, 0.009691818627683209,
      -0.9999518296454987, 0.0015514639241758547, -0.5726843545089709, -0.004278723493372073,
      0.8197647971375148]
  right:
    x: -11.74394194200507
    y: -0.1712175864650675
    z: -31.321845550346005
    rotation: [-0.8031903171915188, -0.007431709852953297, 0.5956761570337099, 0.009433487062054473,
      -0.9999554738354307, 0.00024427118067113236, 0.5956478185065717, 0.005815499567635825,
      0.8032246611460216]

refraction:
  n21: 1.3859
  h0: 0.0
  theta: 0.0
  phi: 0.0
